128
162
206
644
692
727
767
422
482
925
965
1008
32
69
110
554
594
635
287
334
374
789
831
885
176
224
643
690
746
403
438
497
917
961
1004
12
54
109
535
593
624
294
347
785
835
875
148
179
215
653
685
734
405
460
490
904
964
999
24
997
940
900
485
436
386
737
700
661
232
197
163
876
821
777
340
293
258
592
544
106
69
27
998
941
505
463
405
756
702
672
254
205
164
878
839
779
362
317
276
615
572
540
102
67
16
991
940
902
476
416
760
700
645
228
189
155
863
810
778
350
320
274
612
554
116
86
37
7
972
933
511
451
399
740
703
653
218
158
889
854
797
373
314
271
618
576
517
80
35
1013
971
940
903
484
444
389
742
699
655
220
164
132
840
796
369
310
265
617
574
521
102
62
11
991
932
502
456
405
746
703
659
226
177
886
842
812
383
352
320
289
628
595
538
121
70
11
998
954
900
473
