512
567
612
656
692
741
794
846
903
941
983
1023
41
78
134
169
209
256
300
346
401
439
483
526
576
618
673
732
763
817
848
893
934
989
1023
44
97
141
186
244
276
309
352
384
440
470
528
583
640
689
728
783
819
865
923
966
1002
32
1012
961
901
854
795
747
687
644
603
566
506
468
431
373
320
262
205
170
121
86
39
1005
966
919
882
836
788
752
696
641
589
549
493
448
402
345
288
240
208
149
115
66
31
1007
955
901
857
812
764
708
665
631
589
530
493
443
401
351
292
243
189
131
100
54
8
973
919
886
829
785
748
708
673
625
581
521
472
418
387
333
283
250
209
152
106
75
19
1013
977
922
877
819
782
747
714
662
616
578
519
487
427
375
322
286
247
191
140
110
54
1021
985
927
895
853
814
783
734
678
637
584
537
486
451
410
364
320
279
230
197
162
110
63
17
1009
970
926
892
837
792
738
680
648
