1023
986
952
799
807
838
531
628
762
713
666
682
49
116
251
206
158
511
456
403
286
293
322
1012
896
947
830
872
850
545
608
598
708
662
682
55
65
246
211
167
487
473
447
256
303
356
992
901
768
801
879
522
546
577
749
644
691
63
679
641
761
612
530
845
821
775
914
987
339
359
309
422
384
507
137
204
81
100
58
694
644
741
604
632
536
863
815
769
905
966
329
383
284
401
448
160
159
230
93
124
21
693
722
761
622
567
855
888
785
933
905
995
329
301
286
405
455
162
214
253
71
36
15
649
741
603
553
542
840
888
830
929
902
1009
367
316
258
393
493
172
158
239
76
114
29
678
670
748
585
546
523
845
883
795
944
899
1018
325
306
421
387
491
165
213
247
75
36
681
657
746
597
614
564
522
875
827
937
911
1006
324
381
275
439
384
485
187
134
195
75
42
30
673
652
747
599
633
528
835
816
783
