0011000000
0011110011
0010101001
1111000110
1111101110
1110111100
1110000000
0101110101
0100010011
1001010011
1000100111
1000001000
0000110000
0001100111
0001011001
1100111111
1101111011
1101000110
0110010000
0111101001
0111001101
1010011111
1010100000
1011001111
0011101000
0010010000
1111000010
1111101011
1110011111
0101011010
0101101101
0100001001
1001011111
1000100001
1000011010
0000001010
0000101101
0001011011
1100011100
1101111001
1101001000
0110110101
0111110110
1010011001
1011100010
1011011110
0011011110
0011101010
0010111100
1111001011
1111111011
1110110001
0101011111
0100101010
0100011111
1001001100
1000100110
1000010100
0000010100
1000010111
1001111010
1001000110
0100010111
0101101110
0101000011
1110010001
1111100010
1111011111
0010011100
0010100111
0011110010
1011011010
1010101111
1010001101
0111111110
0110110111
0110000011
1101111000
1100110000
0001011111
0001100111
0000010110
1000010101
1001111011
0100000101
0100101000
0101011111
1110001110
1111100001
1111110000
0010000001
0010101011
0011110110
1011011001
1011100100
1010001110
0111011111
0110100011
0110011110
1101010100
1100100010
1100010010
0001010101
0001100010
0000011000
1000110000
1001111010
1001000101
0100110010
0101110000
1110000100
1111100010
1111000111
0010010110
0011100011
0011010110
1011110000
1010111111
1010001111
0111110001
0111100000
0110011011
1101010110
1100111111
0001001110
0001111101
0000110111
0000000100
1000101010
1001110111
0100000000
0100100010
0101001000
1110010110
1111100000
1111001011
0010110111
0011010001
1011000101
1011111101
1010010011
0111001111
0110100111
0110001000
1101011111
1101100000
1100000111
0001111000
0000110010
1000001111
1000101110
1001111010
1001000100
0100010110
0101100010
0101000111
1110010101
1111100110
1111001000
0010110010
0011110110
0011000110
1011101100
1010010010
0111001001
0110101101
0110001101
1101011101
1100100001
1100001101
0001010101
0000100001
0000001110
1000110000
1001110110
0100001101
0100101100
0101011111
1110011111
1111100000
1111011010
0010010011
0011101001
1011001101
1011101111
1010111010
0111000000
0111010000
0111100000
0110110001
1101001110
1101111010
1100010111
0001000101
0001100101
0000001110
1000010101
1001100111
1001000110
0100110101
