768
822
855
909
947
989
788
836
874
917
959
1009
284
321
370
425
468
272
327
363
418
468
509
808
846
887
947
987
1017
802
839
875
920
979
1017
286
330
363
415
464
499
290
340
380
427
469
503
798
836
883
934
967
997
786
829
873
923
961
1002
290
1020
979
930
896
858
816
1021
986
949
918
871
838
794
506
459
423
370
334
275
480
433
401
363
307
275
988
947
890
839
794
1018
975
926
891
845
803
768
457
421
367
315
269
475
440
408
355
301
256
970
923
873
826
790
1005
945
915
870
826
774
465
424
372
316
278
486
426
390
353
310
272
991
939
901
864
806
776
975
940
897
865
835
797
511
466
408
357
303
257
475
442
403
359
329
296
1017
976
934
884
851
796
1010
967
925
867
817
777
480
425
379
334
286
504
452
408
359
311
1019
961
905
869
822
785
991
938
887
853
811
498
457
413
379
344
301
502
462
429
386
342
312
280
