0010000000
0010100010
0011001110
1010000100
1010110100
1011010111
1011111111
0110100110
0111100010
1110011101
1111000101
1111110000
0000100000
0001000101
0001101110
1000101010
1001010010
1001111011
0100011111
0101001110
0101110110
1100010101
1100111111
1101110101
0010110000
0011100000
1010000011
1010110010
1011101010
0110010011
0110110110
0111110001
1110010101
1111000001
1111101100
0000001100
0000110110
0001101101
1000010111
1001010001
1001110000
0100100110
0101011011
1100010001
1101000011
1101101011
0010010100
0010110011
0011010111
1010001101
1010101101
1011011110
0110010101
0111001100
0111101010
1110001000
1111000100
1111100111
0000011000
1111100101
1110101100
1110000100
0111100101
0110110100
0110000010
1011100001
1010111100
1010010101
0011101000
0011000101
0010100011
1101101100
1100110101
1100001001
0101010100
0100100101
0100000010
1001010000
1000100000
0001101010
0001000101
0000011011
1111100110
1110101101
0111111001
0111001111
0110010101
1011110100
1010111110
1010100000
0011111110
0011001101
0010100100
1101101110
1101000111
1100001011
0101101010
0100111101
0100010100
1001100111
1000111100
1000011100
0001100110
0001000011
0000010000
1111011111
1110101100
1110000110
0111011100
0110100000
1011111000
1010111100
1010000101
0011100100
0010111101
0010011011
1101011111
1100101010
1100001010
0101011110
0101000000
0100010010
1001100100
1000101010
0001110100
0001010110
0000100101
0000000111
1111001100
1110100101
0111111111
0111000011
0110001111
1011100100
1010111111
1010001101
0011011010
0010011110
1101111001
1101010110
1100011101
0101110101
0100111010
0100001111
1001101010
1001000000
1000000101
0001010000
0000100011
1111110101
1111001011
1110101100
1110000111
0111100100
0110111100
0110000101
1011100110
1010111011
1010001111
0011011100
0010100100
0010000100
1101001000
1100011100 
0101110001
0100110110
0100001001
1001101001
1000111110
1000001001
0001100110
0000111110
0000001011
1111011111
1110100100
0111110110
0111001000
0110010101
1011101010
1010111111
1010010011
0011100010
0010110001
1101110110
1101001010
1100101100
0101111111
0101100000
0101000000
0100100001
1001110100
1001010011
1000011010
0001111001
0001000110
0000001011
1111100110
1110111010
1110000100
0111011001
