1100000000
1100110110
1101010111
1110001101
1110110011
1111011101
1100010100
1101000100
1101101010
1110010101
1110111111
1111110001
0100011100
0101000001
0101110010
0110101001
0111010100
0100010000
0101000111
0101101011
0110100010
0111010100
0111111101
1100101000
1101001110
1101110111
1110110011
1111011011
1111111001
1100100010
1101000111
1101101011
1110011000
1111010011
1111111001
0100011110
0101001010
0101101011
0110011111
0111010000
0111110011
0100100010
0101010100
0101111100
0110101011
0111010101
0111110111
1100011110
1101000100
1101110011
1110100110
1111000111
1111100101
1100010010
1100111101
1101101001
1110011011
1111000001
1111101010
0100100010
1111111100
1111010011
1110100010
1110000000
1101011010
1100110000
1111111101
1111011010
1110110101
1110010110
1101100111
1101000110
1100011010
0111111010
0111001011
0110100111
0101110010
0101001110
0100010011
0111100000
0110110001
0110010001
0101101011
0100110011
0100010011
1111011100
1110110011
1101111010
1101000111
1100011010
1111111010
1111001111
1110011110
1101111011
1101001101
1100100011
1100000000
0111001001
0110100101
0101101111
0100111011
0100001101
0111011011
0110111000
0110011000
0101100011
0100101101
0100000000
1111001010
1110011011
1101101001
1100111010
1100010110
1111101101
1110110001
1110010011
1101100110
1100111010
1100000110
0111010001
0110101000
0101110100
0100111100
0100010110
0111100110
0110101010
0110000110
0101100001
0100110110
0100010000
1111011111
1110101011
1110000101
1101100000
1100100110
1100001000
1111001111
1110101100
1110000001
1101100001
1101000011
1100011101
0111111111
0111010010
0110011000
0101100101
0100101111
0100000001
0111011011
0110111010
0110010011
0101100111
0101001001
0100101000
1111111001
1111010000
1110100110
1101110100
1101010011
1100011100
1111110010
1111000111
1110011101
1101100011
1100110001
1100001001
0111100000
0110101001
0101111011
0101001110
0100011110
0111111000
0111000100
0110011000
0101100111
0100110111
1111111011
1111000001
1110001001
1101100101
1100110110
1100010001
1111011111
1110101010
1101110111
1101010101
1100101011
0111110010
0111001001
0110011101
0101111011
0101011000
0100101101
0111110110
0111001110
0110101101
0110000010
0101010110
0100111000
0100011000
